ts
1416358202
1416376201
1416413101
1416450001
1416462916
1416468000
1416486901
1416513920
1416542702
1416560701
1416580504
1416597601
1416690302
1416691204
1416819001
1417003501
1417040401
1417077301
1417096202
1417151101
1417152003
1417225803
1417280702
1417298701
1417317602
1417335601
1417337405
1417354502
1417409401
1417434616
1417446301
1417520101
1417526415
1417575902
1417630801
1417667701
1417704601
1417741501
1417815301
1417852201
1417889101
1417962901
1417999801
1418036701
1418073601
1418110501
1418184301
1418240102
1418258101
1418277002
1418295001
1418313902
1418331901
1418405701
1418407505
1418461502
1418479501
1418535302
1418536204
1418627101
1418682902
1418737801
1418848501
1418922301
1418959201
1418996101
1419069901
1419328201
1419347102
1419384904
1419386708
1419438901
1419475801
1419512701
1419586501
1419642302
1419679202
1419697201
1419734101
1419771001
1419790804
1419807901
1419863702
1419864604
1419900602
1419901504
1419920405
1419992401
1420066201
1420103101
1420158902
1420176901
1420213801
1420250701
1420287601
1420289405
1420324501
1420398301
1420472101
1420509001
1423830001
1423856118
1423866901
1423961406
1424014501
1424051401
1424088301
1424107202
1424108104
1424125201
1424127005
1424144102
1424162101
1416357301
1416431101
1416455701
1416504901
1416541801
1416634502
1416652501
1416689401
1416747006
1416800101
1416837903
1416873901
1416892802
1416910801
1416929702
1416935114
1416947701
1416966602
1417021501
1417132201
1417169101
1417206001
1417224902
1417242901
1417261802
1417427401
1417464301
1417483202
1417502103
1417504809
1417521004
1417557002
1417589433
1417593902
1417611901
1417648801
1417668604
1417710055
1417759501
1417778402
1417798205
1417833301
1417944001
1417980901
1418017801
1418048428
1418091601
1418128501
1418165401
1418221202
1418239201
1418276101
1418349901
1418423701
1418442602
1418460601
1418511031
1418534401
1418553302
1418571301
1418590202
1418664002
1418682001
1418718901
1418755801
1418811602
1418917833
1419014101
1419124801
1419346201
1419365102
1419384003
1419402002
1419409218
1419420001
1419456901
1419493801
1419530701
1419660302
1419678301
1419715201
1419717005
1419752101
1419789001
1419862801
1419886212
1419918602
1419936601
1419973501
1420047301
1420091417
1420121101
1420140002
1420231801
1420268701
1420361402
1420379401
1420380303
1420453201
1420490101
1422289058
1423774201
1423775103
1423793102
1423848001
1423849846
1423903802
1423921801
1423940702
1423944310
1423958701
1423995601
1424069401
1424071205
1424143201
1416400516
1416403222
1416473701
1416492315
1416522901
1416578702
1416596701
1416633601
1416639013
1416670501
1416726302
1416744301
1416763202
1416781201
1416782103
1416818101
1416855001
1416859511
1416898215
1416928801
1416965701
1416968407
1417039501
1417058443
1417076401
1417095302
1417098008
1417187101
1417188003
1417224001
1417353602
1417445401
1417482301
1417575002
1417593001
1417629901
1417666801
1417685702
1417703701
1417740601
1417777501
1417814401
1417851301
1417888201
1417893613
1417907102
1417925101
1417962001
1417998901
1418146501
1418183401
1418220301
1418331001
1418404801
1418478601
1418497502
1418515501
1418525423
1418552401
1418663101
1418736901
1418810701
1418829602
1418847601
1418884501
1418940302
1418958301
1418995201
1419032101
1419051904
1419069001
1419087902
1419105901
1419106803
1419309302
1419327301
1419401101
1419438001
1419474901
1419604502
1419659401
1419770101
1419794414
1419843901
1419880801
1419917701
1419954601
1419991501
1420010402
1420065301
1420158002
1420176001
1420212901
1420286701
1420323601
1420325405
1420360501
1420381206
1420416302
1420498220
1423792201
1423794005
1423811102
1423829101
1423884902
1423885804
1423902901
1423939801
1423959604
1424013601
1424017209
1424032502
1424050501
1424124301
1424161201
1424198101
1416375302
1416415810
1416430201
1416467101
1416504001
1416577801
1416614701
1416651601
1416688501
1416725401
1416762301
1416797438
1416873001
1416909901
1416946801
1416983701
1417002602
1417057501
1417131301
1417168201
1417205101
1417242001
1417260902
1417278901
1417301410
1417315801
1417334702
1417352701
1417408502
1417426501
1417463401
1417465205
1417519202
1417537201
1417574101
1417611001
1417647901
1417684801
1417721701
1417758601
1417795501
1417816206
1417869301
1417943101
1417980001
1418016901
1418019607
1418053801
1418072702
1418090701
1418127601
1418164501
1418205009
1418257202
1418294102
1418312101
1418349001
1418385901
1418441702
1418459701
1418496601
1418533501
1418589302
1418607301
1418608203
1418617223
1418626202
1418644201
1418700002
1418718001
1418773802
1418902501
1418939401
1418941205
1419013201
1419015005
1419050101
1419070806
1419087001
1419345301
1419364202
1419382201
1419383103
1419492901
1419511802
1419548702
1419566701
1419585602
1419622502
1419677401
1419696302
1419733202
1419788101
1419861901
1419865509
1419870019
1419899703
1419935701
1420009501
1420083301
1420139102
1420267801
1420304701
1420378501
1420406422
1420434302
1420435204
1420508102
1423810201
1423866002
1423884001
1423957801
1424016308
1424068501
1424105401
1424142301
1424199004
1416337501
1416344102
1416356402
1416374401
1416393302
1416437705
1416448201
1416595801
1416615604
1416669601
1416711011
1416743401
1416780301
1416817201
1416836102
1416891001
1416932411
1416987310
1417001701
1417020602
1417075501
1417113303
1417149301
1417223101
1417296901
1417333801
1417370701
1417389602
1417518301
1417555201
1417592101
1417629001
1417639825
1417665901
1417739701
1417813501
1417850401
1417887301
1417926005
1418034901
1418054704
1418108701
1418145601
1418201402
1418219401
1418238302
1418256301
1418275202
1418293201
1418330101
1418422802
1418440801
1418477701
1418518209
1418551501
1418570402
1418699101
1418736001
1418772901
1418846701
1418869210
1418903404
1418920501
1418976302
1418994301
1419016810
1419308402
1419312010
1419363301
1419400201
1419419102
1419457806
1419474001
1419477609
1419584701
1419640502
1419658501
1419714302
1419825904
1419881705
1419953701
1419955505
1419990601
1420057226
1420064401
1420120202
1420157102
1420175101
1420194002
1420212001
1420248901
1420322701
1420341602
1420396501
1420399207
1420415402
1420452302
1420474811
1420507201
1423773302
1423791301
1423813810
1423821026
1423828201
1423847102
1423867807
1423994702
1424049601
1424086501
1424123401
1424160301
1424172027
1424197201
1416355501
1416362102
1416380101
1416392401
1416454516
1416466242
1416485102
1416503101
1416514827
1416522002
1416561608
1416576901
1416632702
1416650701
1416687601
1416724501
1416761401
1416798301
1416835201
1416927902
1416945901
1416964802
1417093501
1417167301
1417175419
1417260002
1417278001
1417314901
1417388701
1417390505
1417425601
1417444502
1417462501
1417481402
1417499401
1417536301
1417538105
1417573201
1417647001
1417691117
1417702802
1417757701
1417800013
1417831501
1417868401
1417870205
1417905301
1417942201
1417979101
1417998002
1418016001
1418089801
1418092507
1418109604
1418126701
1418163601
1418274301
1418311201
1418348101
1418385001
1418403902
1418421901
1418514602
1418569501
1418592010
1418606401
1418625302
1418643301
1418645105
1418662202
1418681103
1418687417
1418717101
1418827801
1418828703
1418864701
1418901601
1418957402
1418975401
1419012301
1419086101
1419123903
1419307501
1419418201
1419437102
1419455101
1419492001
1419528901
1419565801
1419591016
1419641405
1419732302
1419750301
1419769202
1419806102
1419843002
1419897901
1419916802
1420050011
1420101302
1420193101
1420230001
1420266901
1420397404
1420414501
1420433402
1420451401
1420470302
1420488301
1420525201
1423809301
1423865102
1423883101
1423889415
1423920001
1423938902
1423956901
1423977606
1423986626
1423993801
1424012702
1424104501
1424139638
1424178301
1416373501
1416398101
1416405317
1416410401
1416484201
1416512122
1416546316
1416558903
1416559805
1416594901
1416613802
1416631801
1416705601
1416742501
1416816301
1416837006
1416877514
1416915316
1416927001
1416982802
1417000801
1417019702
1417037701
1417056602
1417111501
1417148401
1417222201
1417259101
1417296001
1417351802
1417369801
1417406701
1417517401
1417554301
1417591201
1417610102
1417628101
1417665001
1417701901
1417738801
1417775701
1417794602
1417849501
1417960201
1417981808
1417997101
1418034001
1418070901
1418107801
1418144701
1418181601
1418218501
1418237402
1418255401
1418329201
1418439901
1418476801
1418495702
1418550601
1418661301
1418680202
1418698201
1418735101
1418845801
1418882701
1418919601
1418923209
1418938502
1418956501
1419030301
1419049202
1419067201
1419068103
1419104101
1419310208
1419326403
1419344402
1419366009
1419399301
1419402909
1419456045
1419510903
1419546901
1419547803
1419583801
1419620701
1419676502
1419694501
1419758420
1419768301
1419805201
1419807005
1419824102
1419861002
1419868218
1419879001
1419989701
1420063501
1420082402
1420119302
1420137301
1420303802
1420321801
1420358701
1420432501
1420506301
1423776010
1423827301
1423846202
1423864201
1423974901
1424030702
1424067602
1424085601
1424141402
1424163009
1424196301
1416348328
1416426638
1416428401
1416465301
1416539101
1416554435
1416558002
1416576001
1416598510
1416668702
1416671408
1416686701
1416723601
1416750620
1416760501
1416813637
1416834301
1416853202
1416871201
1416890102
1416908101
1416963902
1416984607
1417018801
1417055701
1417078210
1417114208
1417166401
1417185302
1417186204
1417240201
1417350901
1417387801
1417535401
1417646101
1417683903
1417719901
1417776604
1417793701
1417812602
1417830601
1417867501
1417886402
1417904401
1417906205
1417941301
1417961104
1418015101
1418052903
1418088901
1418125801
1418199601
1418236501
1418292302
1418310301
1418347201
1418384101
1418403002
1418421001
1418457901
1418494801
1418531701
1418587502
1418605501
1418642401
1418679301
1418700908
1418716201
1418754905
1418763023
1418808902
1418826901
1418863801
1418937601
1419011401
1419031204
1419085201
1419122101
1419306601
1419325502
1419343501
1419417301
1419436202
1419454201
1419473102
1419491101
1419564901
1419638701
1419675601
1419749401
1419751205
1419786301
1419844808
1419860101
1419897001
1419915902
1419933901
1419970801
1420007701
1420008603
1420100402
1420118401
1420155301
1420229101
1420284902
1420305607
1420342507
1420487401
1423901102
1423916436
1423919101
1423956001
1424029801
1424031605
1424048702
1424140501
1424177401
1416372601
1416383712
1416409501
1416520201
1416536437
1416557101
1416572435
1416594001
1416674115
1416741601
1416815401
1416872104
1416889201
1416926101
1416963001
1416981902
1416999901
1417036801
1417094406
1417147501
1417184401
1417203302
1417221301
1417258201
1417295101
1417302317
1417332001
1417368901
1417407605
1417443603
1417479601
1417553401
1417590301
1417627201
1417664101
1417701001
1417717237
1417737901
1417774801
1417796408
1417811701
1417832406
1417848601
1417922401
1417978202
1418052002
1418106901
1418143801
1418162702
1418200504
1418202308
1418254501
1418291401
1418328301
1418402101
1418424610
1418439001
1418475901
1418512801
1418513703
1418532604
1418549701
1418588405
1418753102
1418771101
1418772003
1418808001
1418844901
1418867410
1418881801
1418885409
1418900702
1418918701
1418921407
1418955601
1418992501
1419029401
1419048302
1419324601
1419435301
1419509101
1419528002
1419601802
1419619801
1419656701
1419712502
1419730501
1419767401
1419804301
1419841201
1419898806
1420099501
1420194908
1420210201
1420211103
1420266002
1420302902
1420343410
1420357801
1420505401
1420524302
1423771502
1423789501
1423900201
1423920906
1423937101
1423975805
1423992902
1424047801
1424066702
1424084701
1424158501
1424179206
1424195401
1416389740
1416390601
1416427501
1416429305
1416434102
1416446402
1416483302
1416538201
1416540005
1416648901
1416653411
1416722701
1416777641
1416778502
1416779404
1416833401
1416852302
1416907201
1416981001
1417017901
1417054801
1417073702
1417074604
1417092603
1417110602
1417190716
1417239301
1417313101
1417332904
1417405802
1417423801
1417442702
1417516502
1417529130
1417534501
1417569638
1417608301
1417682101
1417719001
1417829701
1417866601
1417903501
1417940401
1417959302
1418033102
1418051101
1418070002
1418124901
1418161801
1418172625
1418180702
1418198701
1418206819
1418309401
1418493901
1418530801
1418567701
1418586602
1418623502
1418641501
1418660402
1418678401
1418697302
1418715301
1418899801
1419010501
1419047401
1419066302
1419121201
1419305701
1419416401
1419453301
1419582902
1419600901
1419637801
1419674701
1419695406
1419735012
1419748501
1419756619
1419822301
1419842104
1419859201
1419878102
1419896101
1419915002
1419933001
1419951902
1419969901
1420006801
1420191301
1420228201
1420265101
1420359606
1420375801
1420376703
1420394702
1420412701
1420431602
1420468502
1420523401
1423772405
1423807501
1423844401
1423863302
1423881301
1423974002
1424010902
1424022628
1424028901
1424065801
1424103603
1424122504
1424146817
1424176501
1416334801
1416353702
1416470101
1416482401
1416501302
1416519301
1416556201
1416575102
1416630903
1416646237
1416703801
1416738036
1416759602
1416814501
1416851401
1416909006
1416925201
1416962101
1416999001
1417015237
1417035942
1417072801
1417109701
1417128602
1417202402
1417257301
1417277104
1417279810
1417294201
1417331101
1417350002
1417368001
1417386902
1417404901
1417441801
1417571402
1417626301
1417645202
1417663201
1417722610
1417737001
1417755902
1417847701
1417884601
1417891817
1417921501
1417977302
1417995301
1418014202
1418131216
1418142901
1418235602
1418290501
1418313010
1418401201
1418420102
1418457002
1418475001
1418511901
1418548801
1418604602
1418622601
1418659501
1418696401
1418733301
1418752202
1418770201
1418807101
1418844001
1418880901
1418936702
1418954701
1418973602
1418974504
1418993405
1419028501
1419065401
1419102301
1419323701
1419362405
1419397501
1419405660
1419434401
1419471301
1419508201
1419582001
1419655801
1419692701
1419711602
1419729601
1419823204
1419840301
1419914101
1420080602
1420098601
1420117502
1420172401
1420209301
1420230908
1420248005
1420302002
1420320001
1420338902
1420356901
1420430701
1420449602
1420450504
1420467601
1420489208
1423770602
1423845304
1423899301
1423938005
1423955102
1423973101
1423992002
1424010001
1424046901
1424083801
1424102702
1424120701
1424121603
1424194501
1416371702
1416401714
1416463501
1416470717
1416488101
1416500401
1416593102
1416600318
1416612003
1416666902
1416667804
1416684901
1416796503
1416799250
1416832501
1416869401
1416888302
1416980101
1417090801
1417127701
1417129505
1417146602
1417150210
1417165503
1417200640
1417201501
1417275301
1417312201
1417459801
1417497603
1417515602
1417533601
1417570501
1417607401
1417644301
1417700102
1417728023
1417755001
1417773902
1417885504
1417902601
1417939501
1418013301
1418032202
1418050201
1418069102
1418087101
1418124001
1418167215
1418216702
1418234701
1418271601
1418327402
1418345401
1418346303
1418382301
1418438102
1418456101
1418458807
1418493001
1418568605
1418603701
1418624406
1418677501
1418714401
1418734204
1418751301
1418825101
1418935801
1418972701
1419009601
1419046501
1419083401
1419341701
1419415501
1419489301
1419545102
1419563101
1419600001
1419657606
1419731406
1419747601
1419766502
1419784501
1419787207
1419825009
1419858301
1419932101
1420005901
1420079701
1420153501
1420190401
1420227301
1420301101
1420338001
1420395606
1420411801
1420448701
1420455015
1420522501
1423825502
1423843501
1423880401
1423954201
1424011806
1424028001
1424138701
1424157602
1424175601
1416333901
1416336648
1416352802
1416370801
1416407701
1416444601
1416518401
1416523813
1416537302
1416555301
1416611102
1416629101
1416666001
1416685804
1416702901
1416718235
1416739801
1416850501
1416870304
1416887401
1416906302
1416924301
1416943202
1416944104
1416998101
1417017002
1417035001
1417053902
1417071901
1417145701
1417182601
1417204208
1417219501
1417293301
1417349102
1417422902
1417440901
1417477801
1417496702
1417514701
1417562425
1417588501
1417681202
1417699201
1417736101
1417742415
1417773001
1417791902
1417809901
1417846801
1417883701
1417920601
1417923307
1417924209
1417957501
1417958403
1417994401
1418031301
1418068201
1418142001
1418178901
1418197802
1418217605
1418252701
1418308502
1418326501
1418419202
1418529902
1418547901
1418566802
1418584801
1418658601
1418695501
1418769301
1418806201
1418843101
1418880001
1418898902
1418916901
1418961017
1419064501
1419084304
1419088814
1419096030
1419101401
1419304802
1419361505
1419396601
1419398405
1419433501
1419452402
1419470401
1419490204
1419507301
1419544201
1419564004
1419636902
1419654901
1419691801
1419710702
1419753055
1419879909
1419913201
1419950101
1419969002
1420060801
1420084212
1420097701
1420282201
1420374902
1420392901
1420429801
1420466701
1420485602
1423769702
1423917302
1423935301
1423936203
1423991102
1424009101
1424082901
1424156701
1416351901
1416367235
1416449112
1416459936
1416481502
1416502207
1416540911
1416552637
1416573301
1416654317
1416684001
1416720901
1416758703
1416793840
1416794701
1416795644
1416810035
1416905401
1416942301
1416961202
1417016101
1417089901
1417091705
1417108802
1417126801
1417163701
1417238403
1417274401
1417367102
1417386003
1417404002
1417422001
1417458901
1417460705
1417500311
1417539015
1417551602
1417556112
1417606501
1417643401
1417680301
1417791001
1417792805
1417810804
1417827901
1417864801
1417938601
1417975501
1418086201
1418088005
1418123101
1418196901
1418233801
1418307601
1418400302
1418455201
1418474102
1418492101
1418529001
1418565901
1418585704
1418621702
1418639701
1418640603
1418824201
1418826005
1418849416
1418861101
1418898001
1418934901
1418990702
1419008701
1419045601
1419082501
1419119401
1419303901
1419340801
1419359702
1419488401
1419525301
1419562201
1419581102
1419599101
1419636001
1419672901
1419709801
1419728702
1419802502
1419820501
1419839402
1419857401
1419894301
1419931201
1419972611
1420078801
1420115701
1420173306
1420189501
1420245302
1420263301
1420319102
1420337101
1420374001
1420447801
1420471212
1420484701
1420504504
1420521601
1423787702
1423824602
1423826406
1423842601
1423861502
1423879501
1423898402
1423953301
1423972202
1423990201
1424100901
1424119802
1424137801
1424174701
1416376502
1416394501
1416419716
1416425702
1416452106
1416480601
1416499502
1416574204
1416591301
1416647102
1416648004
1416702001
1416721845
1416738901
1416757802
1416775801
1416776703
1416838818
1416886501
1416923401
1416960301
1416979202
1417053002
1417130410
1417144801
1417181701
1417218601
1417292401
1417314008
1417329301
1417330203
1417348202
1417385102
1417403101
1417440001
1417476901
1417480509
1417513801
1417532702
1417550701
1417624501
1417661401
1417735201
1417772101
1417845901
1417865704
1417882801
1417901702
1417919701
1417956601
1417993501
1418012402
1418049302
1418141101
1418178001
1418179805
1418253605
1418270702
1418325601
1418344502
1418399401
1418418302
1418510101
1418547001
1418583901
1418602802
1418657701
1418676602
1418713502
1418731501
1418768401
1418805301
1418842201
1418879101
1418916001
1418971802
1419063601
1419100501
1419395701
1419432601
1419451502
1419469501
1419543301
1419690901
1419746702
1419764701
1419785406
1419821404
1419838501
1419876303
1419912301
1419934810
1419986101
1420005002
1420096801
1420133701
1420207501
1420281301
1420318201
1420355101
1420392001
1420428901
1423768802
1423786801
1423823701
1423860601
1423862405
1423897501
1423918206
1423971301
1424082001
1416340505
1416362727
1416369902
1416411312
1416412501
1416610203
1416612909
1416756901
1416812702
1416830701
1416867601
1416904501
1416978301
1417034102
1417052101
1417107902
1417125901
1417162801
1417199701
1417220406
1417255502
1417273501
1417310401
1417494901
1417498509
1417605601
1417642501
1417679401
1417698302
1417753201
1417790101
1417827001
1417863901
1417937701
1418011501
1418067302
1418085301
1418104202
1418122201
1418159101
1418160905
1418196001
1418232901
1418269801
1418288702
1418343601
1418383207
1418565001
1418601901
1418620802
1418638801
1418712601
1418749501
1418823301
1418862907
1418897101
1418934001
1418952902
1418970901
1419007801
1419081601
1419118501
1419303001
1419321902
1419413701
1419414603
1419450601
1419487501
1419561301
1419580202
1419617102
1419672001
1419708901
1419745801
1419782701
1419803406
1419875402
1419893401
1419895205
1419930301
1419967201
1420004101
1420059902
1420077901
1420116605
1420188601
1420192209
1420226403
1420264205
1420283106
1420284008
1420373101
1420377611
1420465802
1420469410
1420502702
1423841701
1423915501
1423952401
1424008202
1424063101
1424064003
1424118902
1424192702
1416332101
1416430501
1416442801
1416498602
1416516601
1416535502
1416553501
1416609302
1416627301
1416649810
1416665103
1416708317
1416774901
1416811801
1416848701
1416868504
1416885601
1416913522
1416922501
1416941402
1416959401
1417070101
1417071003
1417143901
1417180801
1417236602
1417237504
1417254601
1417291501
1417311304
1417347302
1417365301
1417402201
1417421102
1417439101
1417531802
1417568702
1417623642
1417660501
1417716302
1417734301
1417771201
1417828806
1417881901
1417900802
1417955701
1417974602
1417996209
1418029501
1418035815
1418103301
1418105105
1418113223
1418272508
1418273410
1418306702
1418380502
1418417402
1418435401
1418454302
1418528102
1418546101
1418656801
1418693701
1418730601
1418878201
1418952001
1418988901
1419025801
1419027605
1419044702
1419062701
1419339902
1419394801
1419431701
1419505501
1419506403
1419524402
1419571224
1419579301
1419618005
1419726901
1419952811
1420059001
1420151702
1420169701
1420206601
1420225502
1420243501
1420244403
1420262402
1420280401
1420299302
1420317301
1420391101
1420410002
1420428001
1420446902
1420464901
1420483802
1420501801
1423785901
1423822801
1423859701
1423902013
1423933501
1423970401
1423989302
1424045103
1424081101
1424154901
1424159411
1424173802
1416369002
1416405902
1416448501
1416479702
1416571501
1416582325
1416608401
1416630008
1416645301
1416682201
1416828038
1416940501
1416977401
1417088101
1417217702
1417235701
1417256406
1417272601
1417297816
1417309501
1417316717
1417383301
1417420201
1417457101
1417530901
1417549802
1417586702
1417604701
1417641601
1417678501
1417752301
1417789201
1417826101
1417936801
1417973701
1418047501
1418177102
1418214002
1418268901
1418287802
1418305801
1418342701
1418398502
1418453401
1418472302
1418490301
1418527201
1418564101
1418601001
1418637901
1418674801
1418711701
1418767502
1418859301
1418866517
1418896201
1418915102
1418970001
1418977217
1419006901
1419080701
1419099602
1419302101
1419321002
1419339001
1419357902
1419468602
1419597301
1419671101
1419744901
1419781801
1419800702
1419837602
1419874502
1419911402
1419929401
1419948302
1419966301
1419968105
1420077001
1420114803
1420187701
1420224601
1420246208
1420261501
1420409101
1420446001
1420519801
1423803901
1423840801
1423877701
1423951501
1424007302
1424026203
1424044202
1424062201
1424099101
1424101807
1424118002
1424136903
1424172901
1416347437
1416351004
1416387002
1416423902
1416441901
1416466501
1416491716
1416497702
1416515701
1416589501
1416624638
1416626442
1416663301
1416664203
1416701103
1416707417
1416720004
1416737101
1416756002
1416774001
1416829802
1416847842
1416866702
1416884701
1416891917
1416903602
1416958501
1416995401
1416996303
1417032301
1417106101
1417179901
1417216801
1417346402
1417364401
1417366205
1417401301
1417438201
1417475101
1417585801
1417622701
1417696501
1417733401
1417756812
1417770301
1417807201
1417863002
1417881001
1417917901
1417918803
1417991701
1418010602
1418028601
1418102401
1418139301
1418176201
1418195102
1418213101
1418232002
1418250001
1418251805
1418286901
1418323801
1418397601
1418416502
1418434501
1418508301
1418582101
1418583003
1418619001
1418619903
1418729701
1418750406
1418801738
1418803501
1418877301
1418951101
1418988001
1419024901
1419117602
1419320101
1419393901
1419412802
1419430801
1419441625
1419467701
1419486602
1419504601
1419615301
1419689101
1419762901
1419799801
1419818702
1419836701
1419855602
1419856504
1419892502
1419910501
1419951009
1420058101
1420095001
1420095903
1420113902
1420131901
1420205701
1420242601
1420279501
1420353301
1420356007
1420427101
1420464001
1420482902
1423785001
1423804804
1423895701
1423914602
1424025302
1424080201
1424117101
1424155805
1424190901
1416333006
1416336901
1416386101
1416491430
1416496801
1416533701
1416607501
1416683105
1416700202
1416706516
1416755101
1416792001
1416902701
1416921602
1416976501
1417013401
1417087201
1417124101
1417197901
1417271701
1417276211
1417308601
1417327502
1417345501
1417382401
1417419301
1417512002
1417512904
1417566901
1417603801
1417640701
1417659602
1417751401
1417788301
1417899903
1417935901
1417972801
1418009701
1418065502
1418121303
1418157301
1418194201
1418231101
1418268001
1418304901
1418341801
1418452501
1418526301
1418545202
1418563201
1418655902
1418673901
1418692802
1418821501
1418822403
1418895301
1418933103
1419006001
1419061802
1419098702
1419116701
1419338101
1419357002
1419360610
1419411901
1419541502
1419559501
1419596401
1419614400
1419654006
1419670201
1419690004
1419713415
1419780901
1419819605
1419873602
1419928501
1419947402
1419949206
1419965401
1420002301
1420152607
1420223701
1420285816
1420297501
1420316402
1420371301
1420390202
1420408201
1420445101
1420500902
1423803001
1423821902
1423839901
1423858802
1423878605
1423882213
1423913701
1423950601
1423987501
1424006402
1424043302
1424064909
1424100005
1424135101
1416329727
1416354901
1416377123
1416404101
1416477901
1416588601
1416628207
1416773101
1416828902
1416831608
1416854117
1416865802
1416994501
1417014304
1417050302
1417089006
1417107005
1417142101
1417161002
1417161904
1417215901
1417234802
1417289701
1417326601
1417400401
1417437301
1417458006
1417474201
1417493102
1417511101
1417658701
1417677602
1417683014
1417754108
1417769401
1417880101
1417899002
1417953901
1417992605
1418064601
1418066405
1418083502
1418101501
1418212201
1418249101
1418286001
1418289609
1418470501
1418489402
1418491206
1418507401
1418544301
1418600102
1418618101
1418655001
1418747702
1418765701
1418766603
1418809817
1418839501
1418840403
1418876401
1418913301
1418932202
1418969102
1418987101
1419042902
1419079802
1419094234
1419319201
1419342612
1419429901
1419448802
1419466801
1419485702
1419503701
1419577501
1419603618
1419688201
1419725101
1419744002
1419762001
1419763805
1419854702
1419909601
1419946501
1419983401
1419985205
1420094101
1420113002
1420131001
1420132805
1420150804
1420204801
1420241701
1420278601
1420389301
1420463101
1420482002
1423784101
1423805708
1423857901
1423891234
1424079301
1424098202
1416330302
1416331204
1416350105
1416368104
1416372901
1416441002
1416459001
1416625502
1416643501
1416736202
1416754201
1416791101
1416806435
1416810904
1416846902
1416883802
1416901801
1416920702
1416938701
1416997208
1417012501
1417051205
1417086301
1417123201
1417125005
1417233901
1417241117
1417253704
1417307701
1417328406
1417363502
1417381501
1417455301
1417567805
1417584902
1417602901
1417625410
1417676701
1417713601
1417732502
1417750501
1417787401
1417806302
1417843202
1417861201
1417898101
1417917002
1417990802
1418027702
1418119501
1418120403
1418138402
1418160009
1418267101
1418304001
1418381409
1418414701
1418488501
1418562301
1418636101
1418691902
1418746801
1418748605
1418894401
1418950202
1418953810
1418968201
1419005101
1419043805
1419060902
1419078901
1419301203
1419356102
1419447901
1419484801
1419521701
1419558601
1419651302
1419669301
1419693614
1419853801
1419872702
1419890701
1419927601
1420001401
1420102220
1420112101
1420149001
1420167902
1420185901
1420273231
1420296601
1420336207
1420352402
1420370401
1420407301
1420481101
1423839001
1423875901
1423931702
1423949701
1423968602
1424023501
1424060401
1424061303
1424116202
1424134201
1424171101
1424190002
1416345637
1416366301
1416390901
1416391516
1416401438
1416405005
1416416116
1416447317
1416495902
1416532802
1416569702
1416587701
1416680402
1416698401
1416717302
1416719106
1416772201
1416809101
1416882901
1416919801
1416956701
1417160102
1417197002
1417215001
1417325701
1417344602
1417362601
1417418402
1417510201
1417620901
1417657801
1417768501
1417805401
1417824302
1417842301
1417853125
1417935002
1417953001
1417989901
1418026801
1418030409
1418045702
1418063701
1418137501
1418147423
1418174401
1418175303
1418193302
1418230202
1418322001
1418322903
1418432701
1418506501
1418673002
1418727901
1418820602
1418838601
1418875501
1418931302
1418949301
1419023101
1419318301
1419337202
1419465901
1419539701
1419540603
1419627031
1419632402
1419706202
1419761101
1419798001
1419801609
1419816902
1419834901
1419908701
1419971718
1420093201
1420134611
1420167001
1420203901
1420208411
1420222802
1420277701
1420300210
1420314601
1420388401
1420425301
1420462201
1420499101
1423783201
1423806612
1423820101
1423893901
1423932605
1423967701
1423969505
1424004601
1424005503
1424027110
1424041501
1424078401
1424097302
1424152201
1424180122
1424189101
1416384301
1416388811
1416440102
1416458101
1416461709
1416495001
1416534607
1416550802
1416568801
1416661502
1416679501
1416704716
1416716401
1416735302
1416753301
1416790201
1416827101
1416878433
1416974701
1417011601
1417067402
1417085401
1417122301
1417196101
1417198807
1417226728
1417233001
1417251902
1417343701
1417399502
1417417501
1417454401
1417473302
1417491301
1417547102
1417565101
1417572317
1417602001
1417638901
1417662312
1417712701
1417786501
1417823401
1417860301
1417862105
1417879202
1417897201
1417916102
1418007901
1418044801
1418118601
1418192401
1418211302
1418229301
1418248202
1418285102
1418340001
1418413801
1418433604
1418450701
1418524501
1418543402
1418580302
1418635201
1418672101
1418709001
1418728804
1418745901
1418764802
1418819701
1418893501
1418930401
1418986202
1419004201
1419041101
1419096902
1419358810
1419373201
1419392102
1419410101
1419557701
1419576602
1419613502
1419668401
1419673813
1419707105
1419742201
1419779101
1419816001
1419852901
1419926701
1419945602
1420000501
1420056302
1420074301
1420111201
1420130102
1420148101
1420185001
1420332601
1420351502
1420369501
1420372207
1420443301
1420517101
1423857002
1423894804
1423911901
1423985701
1424042404
1424059501
1424096401
1424106323
1424153104
1424154006
1416328501
1416340227
1416394224
1416402301
1416408902
1416426901
1416460808
1416476101
1416605702
1416606604
1416734401
1416808201
1416845101
1416900902
1417048502
1417069207
1417103401
1417143007
1417177201
1417214101
1417269902
1417287901
1417361701
1417398601
1417424718
1417435501
1417509301
1417528202
1417546201
1417583101
1417656901
1417675802
1417697409
1417749602
1417767601
1417841401
1417878301
1417952101
1417989001
1418025901
1418081702
1418099701
1418173501
1418247301
1418284201
1418303102
1418321101
1418415606
1418436311
1418468701
1418469603
1418487602
1418505601
1418542501
1418561402
1418598302
1418599204
1418616301
1418637006
1418653201
1418654103
1418690101
1418694611
1418727001
1418732413
1418763901
1418837701
1418856602
1418874601
1418911501
1418948401
1418967302
1418985301
1418989811
1419059101
1419336302
1419354301
1419391201
1419393005
1419483902
1419649501
1419687303
1419705302
1419723301
1419724203
1419726007
1419765613
1419780004
1419783612
1419797101
1419834001
1419870901
1419889802
1419891606
1419964504
1420055401
1420092301
1420166101
1420186806
1420334406
1420424401
1420461301
1420520710
1423802104
1423819201
1423875002
1423893001
1423929901
1424003701
1424040601
1424077501
1424114401
1424115303
1424133302
1424151301
1424170202
1424188201
1416346501
1416365402
1416383401
1416412224
1416434733
1416444901
1416457201
1416494101
1416531001
1416544531
1416592214
1416604801
1416623702
1416644407
1416660602
1416678601
1416697502
1416715501
1416882002
1416936901
1416955802
1416973801
1416992702
1417010701
1417031406
1417066502
1417084501
1417104304
1417121401
1417140302
1417164615
1417179006
1417232101
1417269001
1417270805
1417305901
1417324802
1417342801
1417416601
1417461619
1417472402
1417490401
1417527301
1417564201
1417674901
1417748701
1417785601
1417859401
1417933201
1417970101
1418007001
1418136602
1418140210
1418155503
1418191501
1418265301
1418266203
1418302201
1418324710
1418339101
1418394902
1418431802
1418486701
1418579402
1418634301
1418709905
1418745001
1418759433
1419003301
1419022202
1419040201
1419077101
1419115805
1419298501
1419428102
1419465002
1419501902
1419519901
1419593701
1419598211
1419630601
1419650404
1419686402
1419727812
1419741301
1419743105
1419815101
1419817807
1419835806
1419925801
1419944702
1419962701
1419999601
1420110301
1420129202
1420147201
1420184101
1420294801
1420313702
1420393816
1420442401
1420486517
1423782302
1423874101
1423947901
1423966802
1424019036
1424021701
1424087424
1424095501
1424111737
1424132401
1424169301
1424193614
1416327601
1416385206
1416438301
1416475201
1416567902
1416641702
1416696601
1416733501
1416752402
1416770401
1416786637
1416789302
1416844201
1416900002
1416954901
1416991801
1417028701
1417030505
1417102501
1417141205
1417158302
1417159204
1417176301
1417183517
1417195202
1417250101
1417287001
1417323901
1417379702
1417453502
1417601102
1417619101
1417638002
1417656001
1417693803
1417694705
1417729801
1417766701
1417804503
1417822502
1417896302
1417951201
1417954809
1417988101
1418043902
1418061901
1418117702
1418154602
1418209501
1418379610
1418394001
1418412902
1418430901
1418437215
1418523602
1418541601
1418578501
1418615401
1418708102
1418836801
1418860212
1418873701
1418892602
1418912405
1418929502
1418984401
1419002400
1419021301
1419095101
1419316501
1419353401
1419446102
1419501001
1419556802
1419611701
1419667502
1419685501
1419759301
1419796201
1419833101
1419888902
1419943801
1420054501
1420165201
1420221002
1420239001
1420257902
1420275901
1420354211
1420368602
1420386601
1420405502
1420423501
1420479302
1423781401
1423801204
1423818301
1423837202
1423855201
1423892101
1423965901
1424058602
1424076601
1424113501
1424150401
1424187301
1416333301
1416364502
1416382501
1416419401
1416456301
1416462615
1416480901
1416493201
1416511241
1416529240
1416530101
1416549043
1416585902
1416590412
1416642605
1416677701
1416714601
1416751501
1416788401
1416807302
1416825301
1416849614
1416881102
1416899101
1416918002
1416972901
1416993606
1417009801
1417049407
1417105208
1417120501
1417157401
1417194301
1417268101
1417305001
1417341901
1417415701
1417489501
1417637101
1417692902
1417710901
1417714509
1417731606
1417747801
1417784701
1417840502
1417858501
1417877402
1417915204
1417971907
1418025002
1418098802
1418116801
1418135702
1418283302
1418301301
1418412001
1418485801
1418504702
1418509212
1418522701
1418559601
1418596501
1418652302
1418670301
1418744101
1418804412
1418817901
1418854801
1418891701
1418928601
1418947502
1418965501
1419039301
1419060006
1419076201
1419114905
1419297601
1419334501
1419408301
1419464102
1419482101
1419519001
1419578410
1419592801
1419595507
1419629701
1419666601
1419703501
1419777301
1419851101
1419906902
1419924901
1419980702
1420109401
1420128302
1420146301
1420183201
1420239904
1420260609
1420293901
1420330801
1420387504
1420441501
1420478401
1420497302
1420515301
1420518007
1423910101
1423912807
1423929043
1423947001
1423983901
1424039702
1424094601
1424131501
1424191812
1416363601
1416474301
1416586805
1416603902
1416695701
1416769501
1416843301
1416864006
1416896437
1416917101
1416936002
1416954001
1416990901
1417046702
1417083602
1417101601
1417138501
1417212301
1417231202
1417286101
1417378802
1417396801
1417433701
1417452602
1417456210
1417471503
1417507501
1417544401
1417545303
1417563302
1417584007
1417618201
1417655101
1417692001
1417765801
1417802701
1417821602
1417839601
1417932302
1417969202
1418008808
1418024101
1418061001
1418071825
1418079902
1418082608
1418097901
1418171701
1418227502
1418264402
1418282401
1418319301
1418320203
1418448902
1418540701
1418560504
1418614501
1418633402
1418707202
1418725201
1418726103
1418762101
1418802609
1418835901
1418871202
1418966404
1419057301
1419113102
1419352501
1419372304
1419390303
1419426301
1419445202
1419447006
1419463201
1419500101
1419502807
1419555902
1419647701
1419684601
1419708012
1419721501
1419778204
1419798909
1419832201
1419869101
1419888002
1419906001
1419942901
1420053601
1420127401
1420220102
1420275001
1420311901
1420367702
1420385701
1420422601
1420496401
1423780501
1423799402
1423800304
1423817401
1423854301
1423928101
1423930807
1424020802
1424057702
1424075701
1424149501
1416344701
1416351302
1416358518
1416369301
1416406816
1416418501
1416437402
1416455401
1416517516
1416567003
1416603001
1416621902
1416639901
1416699310
1416713701
1416783032
1416824401
1416862203
1416934240
1417008901
1417027802
1417029606
1417064702
1417082701
1417193401
1417230301
1417251006
1417252810
1417267201
1417304101
1417414801
1417525501
1417548010
1417581302
1417582204
1417599301
1417636201
1417728902
1417746901
1417783801
1417809016
1417820701
1417876502
1417894501
1417931401
1417950302
1417968301
1418005201
1418115901
1418215818
1418245502
1418246404
1418263501
1418337301
1418340909
1418393102
1418396710
1418411101
1418448001
1418451609
1418466902
1418484901
1418558701
1418595601
1418651402
1418669401
1418671205
1418706301
1418743201
1418817001
1418853901
1418858411
1418865627
1418890801
1418909702
1418927701
1418964601
1418983502
1419001501
1419020402
1419038401
1419075301
1419097810
1419333601
1419370501
1419389402
1419518101
1419591901
1419628801
1419665701
1419795302
1419852005
1419907806
1419960901
1419981606
1419997801
1420090502
1420145401
1420164302
1420202104
1420238102
1420256101
1420293001
1420403701
1420440601
1420459502
1420480207
1423767013
1423798501
1423835401
1423909201
1423946101
1423983001
1423984805
1424019901
1424038802
1424093701
1424112602
1424167501
1424168403
1424186402
1424204401
1416349212
1416381602
1416387301
1416387916
1416436501
1416439248
1416477009
1416547201
1416566102
1416584101
1416622805
1416657901
1416676802
1416694801
1416731701
1416768601
1416787502
1416805501
1416842401
1416861302
1416879301
1416972002
1416990001
1417045802
1417063801
1417100701
1417156502
1417174501
1417213205
1417285201
1417322101
1417359001
1417359903
1417395901
1417654201
1417711806
1417764901
1417801801
1417838701
1417857602
1417912501
1417949401
1417986301
1418006104
1418060101
1418079002
1418152802
1418153704
1418170801
1418189702
1418190604
1418207701
1418281501
1418395809
1418466001
1418502901
1418539801
1418613601
1418650501
1418908801
1418910605
1418945701
1418982601
1419056401
1419093301
1419351601
1419425401
1419444302
1419462301
1419481202
1419483006
1419499201
1419536101
1419537003
1419542415
1419573001
1419720601
1419757501
1419813302
1419831301
1419871809
1420052701
1420108502
1420126501
1420182302
1420221908
1420237201
1420384801
1420421701
1420458601
1420495501
1423788621
1423816501
1423838108
1423853401
1423896615
1423927201
1423965003
1423988414
1424002805
1424074801
1424130602
1416343801
1416380701
1416473402
1416513008
1416585004
1416621002
1416675901
1416749701
1416823501
1416953102
1416971101
1417008001
1417026902
1417044901
1417137602
1417248302
1417377001
1417413901
1417432802
1417450801
1417451703
1417487701
1417524601
1417598401
1417600205
1417617302
1417672201
1417695612
1417709101
1417715415
1417746001
1417782901
1417930501
1418023202
1418041201
1418078101
1418115001
1418133902
1418156411
1418188801
1418225701
1418226603
1418318402
1418410201
1418429102
1418520901
1418576702
1418597407
1418631601
1418632503
1418668501
1418705401
1418724302
1418742301
1418761202
1418816101
1418835002
1418853001
1418871902
1418889901
1418926801
1418946604
1419000601
1419019502
1419037501
1419074401
1419111301
1419314702
1419332701
1419355210
1419369601
1419406501
1419554101
1419609902
1419683702
1419738601
1419740405
1419812401
1419849301
1419887103
1419905102
1419942002
1419961805
1419978902
1420089602
1420200302
1420218301
1420255201
1420292101
1420350608
1420365901
1420402801
1420476601
1423797601
1423834501
1423871401
1423872303
1423945201
1423964102
1423982101
1424001904
1424037902
1424129701
1424203501
1416361801
1416398701
1416417602
1416472501
1416509401
1416510303
1416565202
1416583201
1416602102
1416640806
1416657001
1416712802
1416730801
1416767701
1416804601
1416841501
1416897302
1416952201
1416975612
1416989101
1417062901
1417065607
1417081802
1417099801
1417136701
1417155602
1417173601
1417192502
1417210501
1417211403
1417229402
1417247401
1417284301
1417303202
1417340102
1417358101
1417384218
1417395001
1417431901
1417469703
1417542601
1417616401
1417635302
1417653301
1417727101
1417730709
1417764001
1417800901
1417837801
1417856702
1417874701
1417914307
1417948501
1417985401
1418004302
1418022301
1418080808
1418096101
1418151902
1418169901
1418243701
1418280601
1418317501
1418391301
1418392203
1418428201
1418449808
1418503805
1418538901
1418575801
1418577605
1418612701
1418649601
1418686501
1418710814
1418855708
1418907901
1418963702
1419018601
1419055501
1419058207
1419313801
1419315605
1419350701
1419387601
1419407404
1419411012
1419424501
1419429011
1419461401
1419498301
1419538809
1419572101
1419664802
1419701702
1419775502
1419808835
1419814206
1419867301
1419923102
1419941101
1419960002
1419978001
1419979805
1419996902
1420051801
1420070702
1420107602
1420125601
1420144502
1420162501
1420181402
1420199401
1420201205
1420203009
1420310101
1420347001
1420383901
1420439702
1420457701
1420494601
1423778701
1423908302
1423926301
1424000101
1424037001
1424055902
1424056804
1424147701
1424166602
1416379801
1416416701
1416423302
1416435602
1416441301
1416490501
1416528303
1416564301
1416620102
1416638101
1416662414
1416675001
1416711901
1416918910
1416933301
1417007101
1417080901
1417118703
1417154701
1417191601
1417228501
1417265401
1417376101
1417413001
1417449901
1417470606
1417496067
1417505702
1417523701
1417530015
1417548916
1417560601
1417580404
1417634401
1417671301
1417673105
1417708201
1417745101
1417818901
1417819803
1417855801
1417929601
1417966501
1418003401
1418077201
1418100612
1418187901
1418261701
1418298601
1418335501
1418338207
1418409301
1418483101
1418484003
1418502002
1418593801
1418691012
1418704501
1418723402
1418760302
1418815201
1418834102
1418925901
1418962801
1418999701
1419092402
1419110401
1419331801
1419368701
1419427208
1419479401
1419516301
1419610806
1419700801
1419719702
1419793502
1419811501
1419830402
1419885301
1419922201
1419959101
1419996001
1420088702
1420236302
1420254301
1420312808
1420328101
1420444213
1420475701
1420516209
1423779604
1423796701
1423833601
1423870501
1423934420
1423981201
1424018101
1424073902
1424091901
1424092803
1424128801
1424165701
1424184602
1416329413
1416399605
1416459301
1416508501
1416527402
1416570616
1416617438
1416656101
1416693001
1416693903
1416729901
1416732607
1416785702
1416803701
1416880207
1416894639
1416914401
1416951301
1416970202
1416988201
1417025101
1417044002
1417062001
1417098901
1417135801
1417209601
1417266304
1417283401
1417320301
1417321203
1417394101
1417431001
1417449041
1417467901
1417486802
1417541701
1417561504
1417578601
1417579503
1417597502
1417615501
1417726201
1417763101
1417836901
1417845019
1417910701
1417947601
1417984501
1417987207
1418021401
1418040302
1418043008
1418058301
1418095201
1418114102
1418132101
1418205901
1418210411
1418279701
1418336404
1418378716
1418390401
1418427301
1418446202
1418447104
1418464201
1418501101
1418521806
1418556902
1418574901
1418594704
1418611801
1418648701
1418722501
1418741402
1418833201
1418852102
1418872807
1418889002
1418943901
1418980801
1419036602
1419054601
1419073502
1419078012
1419091501
1419312901
1419317411
1419349801
1419371408
1419388505
1419423601
1419442502
1419460501
1419480304
1419497401
1419645001
1419755701
1419760211
1419848402
1420014001
1420071606
1420087801
1420106702
1420124701
1420143602
1420180502
1420198501
1420249833
1420257008
1420272301
1420291202
1420309201
1420349709
1420365002
1420383001
1420401902
1420419901
1420438802
1420456801
1420493701
1423777801
1423814701
1423815603
1423851601
1423852503
1423911010
1423962301
1423999201
1424001005
1424073001
1424109901
1424148605
1424183701
1416342001
1416342903
1416360902
1416397802
1416445526
1416452701
1416471602
1416477301
1416478818
1416484517
1416526501
1416637201
1416659710
1416766802
1416784801
1416821701
1416895501
1417033220
1417043101
1417080001
1417116901
1417139410
1417172702
1417227601
1417243837
1417246502
1417264501
1417341007
1417360810
1417412101
1417485901
1417506606
1417559701
1417596601
1417690204
1417707301
1417744201
1417818001
1418002501
1418039401
1418076301
1418097006
1418150101
1418151003
1418187001
1418223901
1418242802
1418244606
1418299505
1418316602
1418334601
1418408401
1418465104
1418519101
1418557805
1418592901
1418629801
1418666701
1418688308
1418703601
1418740501
1418870102
1418888101
1418907002
1418925001
1418944804
1418981704
1418998801
1419114011
1419367801
1419478501
1419515401
1419589201
1419626101
1419645904
1419663903
1419681902
1419699901
1419702607
1419736801
1419739507
1419773701
1419776407
1419792602
1419810601
1419829502
1419847501
1419903302
1419921301
1419958201
1419995101
1420068901
1420075215
1420179601
1420219207
1420290301
1420327201
1420329005
1420346102
1420364101
1420401001
1420420804
1420511701
1423832701
1423836309
1423888502
1423906501
1423963204
1423980301
1424036102
1424054101
1424091001
1424127901
1416396901
1416453604
1416489602
1416521131
1416548109
1416581401
1416655201
1416692101
1416729001
1416747902
1416748804
1416765901
1416802801
1416822604
1416826212
1416840603
1416864916
1416876601
1416969302
1417061101
1417134901
1417153802
1417208701
1417282501
1417338302
1417339204
1417356301
1417357203
1417430101
1417467001
1417476021
1417540801
1417577701
1417633502
1417670402
1417688401
1417725301
1417762201
1417781102
1417799101
1417875607
1417928702
1417983601
1418020501
1418057401
1418059205
1418094301
1418133005
1418168101
1418208609
1418241901
1418250921
1418262606
1418278801
1418389501
1418445302
1418482202
1418500201
1418520004
1418537101
1418574001
1418610901
1418630704
1418647801
1418832301
1418943001
1418961902
1419053701
1419090601
1419109502
1419330902
1419348901
1419443406
1419459601
1419496501
1419533401
1419552302
1419590104
1419644101
1419663002
1419681001
1419737704
1419754801
1419791701
1419828601
1419902401
1419939301
1420013101
1420160701
1420161603
1420197601
1420216502
1420234501
1420258814
1420308301
1420345201
1420366808
1420382101
1420419001
1420437902
1420455901
1420477508
1420512604
1423776901
1423850701
1423887601
1424055004
1424145901
1424182801
1424185507
1416341101
1416347702
1416360002
1416378001
1416414901
1416422117
1416424823
1416488701
1416525601
1416543641
1416551718
1416563403
1416599401
1416618302
1416636301
1416710101
1416783901
1416839702
1416846016
1416857701
1416931501
1417005301
1417024202
1417042201
1417079101
1417116001
1417119609
1417152901
1417171802
1417319402
1417380615
1417448101
1417469011
1417485001
1417488609
1417503902
1417521901
1417558801
1417595701
1417621818
1417632601
1417669501
1417689304
1417706401
1417743301
1417780201
1417817101
1417836002
1417854001
1417854903
1417872902
1417873804
1417909802
1417927801
1417964701
1417967407
1418001601
1418038501
1418046619
1418075401
1418112301
1418169004
1418228413
1418259901
1418315702
1418333701
1418444401
1418463302
1418471420
1418481301
1418628901
1418665801
1418813401
1418850301
1418887201
1419017704
1419034801
1419071701
1419108601
1419366901
1419385802
1419403801
1419422702
1419514501
1419699001
1419718804
1419809701
1419846601
1419883501
1419957301
1419976202
1419994201
1420068001
1420086902
1420104901
1420123802
1420178701
1420215601
1420252501
1420326301
1420400101
1420492802
1420500018
1420510801
1423794901
1423831801
1423868701
1423907405
1423924502
1423925404
1423942501
1423998302
1424035202
1424053201
1424072102
1424090101
1424200801
1424202605
1416354632
1416359101
1416396001
1416433803
1416451802
1416469801
1416506701
1416545446
1416562502
1416619205
1416728101
1416765001
1416801901
1416820802
1416912601
1416916209
1416930641
1416986401
1417060201
1417068319
1417097101
1417134001
1417170901
1417189802
1417207801
1417244701
1417288817
1417300502
1417318501
1417374302
1417411202
1417429201
1417503001
1417539901
1417650601
1417687501
1417761301
1417872001
1417908901
1417913411
1417945801
1417946703
1418056501
1418093401
1418130301
1418186102
1418223002
1418241001
1418260804
1418277901
1418297704
1418426403
1418555102
1418573101
1418610001
1418646901
1418702702
1418739602
1418757601
1418814304
1418831401
1418868301
1418905201
1418924102
1418942101
1418997902
1419052801
1419311101
1419330002
1419421801
1419440702
1419458701
1419495601
1419520816
1419535207
1419588302
1419594616
1419606301
1419643201
1419646809
1419717903
1419722413
1419735902
1419753901
1419774606
1419975301
1420049101
1420086001
1420159801
1420196701
1420233601
1420307401
1420311009
1420418101
1420437002
1420473902
1420491901
1423812901
1423869604
1423886701
1423905602
1423923601
1423943404
1423960501
1423997401
1424034301
1424109003
1424163902
1424181901
1424201704
1416487801
1416495304
1416524701
1416549916
1416635401
1416709201
1416746101
1416771316
1416819901
1416893701
1416949502
1416967501
1417006205
1417023302
1417041301
1417115101
1417188901
1417245604
1417262701
1417281602
1417299601
1417323012
1417336501
1417355402
1417392302
1417410301
1417466102
1417484101
1417508414
1417557901
1417594801
1417612841
1417613702
1417620016
1417631701
1417705501
1417835102
1417926901
1417963801
1418000701
1418037601
1418111401
1418148301
1418204102
1418222101
1418259001
1418314802
1418332801
1418388602
1418406601
1418425502
1418462402
1418467814
1418499302
1418517301
1418554201
1418556005
1418591101
1418628001
1418664901
1418683802
1418701801
1418720702
1418738701
1418758504
1418812501
1418851205
1418857519
1418886301
1418979002
1418979904
1418997001
1419035705
1419072605
1419089702
1419329101
1419348002
1419476701
1419513601
1419532502
1419569402
1419661201
1419680102
1419827702
1419850211
1419866406
1419882601
1419938402
1419956401
1420012202
1420069807
1420105805
1420122902
1420140901
1420214701
1420217407
1420251601
1420270502
1420271404
1420288501
1420436101
1423795805
1423830901
1423890310
1423904701
1423978501
1423979403
1424015401
1424052301
1424089201
1424145002
1424199901
1416395101
1416432042
1416432903
1416450902
1416468901
1416505801
1416531918
1416579601
1416672302
1416673204
1416727201
1416764101
1416801001
1416856802
1416911701
1416948601
1416985501
1417022401
1417059301
1417117808
1417133101
1417170001
1417206901
1417391401
1417428301
1417447202
1417576803
1417614605
1417649701
1417651505
1417686601
1417723501
1417760401
1417779302
1417797301
1417834201
1417871101
1417890904
1417908001
1417944901
1417965606
1417982703
1418018701
1418055601
1418074502
1418129401
1418166301
1418203201
1418295902
1418350801
1418387701
1418443502
1418480402
1418498401
1418572201
1418609101
1418685607
1418719801
1418721605
1418756701
1418830501
1418960102
1418978101
1419015903
1419024021
1419033902
1419107702
1419335416
1419404706
1419420901
1419439802
1419494701
1419517210
1419553208
1419568501
1419587402
1419605401
1419662104
1419716101
1419771902
1419772804
1419789901
1419826801
1419845702
1419884406
1419904209
1419919502
1419924012
1419937501
1419940207
1420011301
1420048201
1420067102
1420085101
1420104002
1420122001
1420195801
1420232701
1420269601
1420306501
1420344303
1420362302
1420363204
1420417201
1420454101
1420473002
1420491001
1423812001
1423848901
1423922701
1423941602
1423948859
1423996501
1424033401
1424070301
1424126102
1424181001
